4.945768282662283966e-01 4.539786870243439458e-05
4.966310599835661033e-01 5.017216468376420454e-05
4.986852917009038100e-01 5.544852472279490651e-05
5.007395234182415722e-01 6.127973961660258958e-05
5.027937551355792234e-01 6.772414961977010945e-05
5.048479868529169856e-01 7.484622751061136480e-05
5.069022185702547478e-01 8.271722285166668669e-05
5.089564502875923990e-01 9.141587385216160249e-05
5.110106820049301612e-01 1.010291939077730827e-04
5.130649137222678124e-01 1.116533406295625573e-04
5.151191454396055747e-01 1.233945759862319406e-04
5.171733771569433369e-01 1.363703270794975166e-04
5.192276088742809881e-01 1.507103580597576778e-04
5.212818405916186393e-01 1.665580647773354868e-04
5.233360723089564015e-01 1.840719049634240015e-04
5.253903040262941637e-01 2.034269780552069059e-04
5.274445357436319259e-01 2.248167702332964923e-04
5.294987674609695771e-01 2.484550818393346989e-04
5.315529991783072283e-01 2.745781561013324211e-04
5.336072308956449906e-01 3.034470300289191674e-04
5.356614626129827528e-01 3.353501304664790301e-04
5.377156943303204040e-01 3.706061406263965363e-04
5.397699260476581662e-01 4.095671649860511379e-04
5.418241577649959284e-01 4.526222232405370223e-04
5.438783894823335796e-01 5.002011070795647557e-04
5.459326211996713418e-01 5.527786369236015055e-04
5.479868529170091040e-01 6.108793594344042680e-04
5.500410846343467552e-01 6.750827306328394117e-04
5.520953163516844064e-01 7.460288338366963387e-04
5.541495480690221687e-01 8.244246863982960909e-04
5.562037797863599309e-01 9.110511944006486435e-04
5.582580115036976931e-01 1.006770820085642988e-03
5.603122432210353443e-01 1.112536032860324611e-03
5.623664749383729955e-01 1.229398621277420171e-03
5.644207066557107577e-01 1.358519950428961750e-03
5.664749383730485199e-01 1.501182256736998191e-03
5.685291700903862822e-01 1.658801080174432960e-03
5.705834018077239334e-01 1.832938942492810027e-03
5.726376335250615845e-01 2.025320389049881879e-03
5.746918652423993468e-01 2.237848521276337380e-03
5.767460969597371090e-01 2.472623156634785185e-03
5.788003286770747602e-01 2.731960763011063911e-03
5.808545603944125224e-01 3.018416324708434947e-03
5.829087921117502846e-01 3.334807307413365125e-03
5.849630238290879358e-01 3.684239899435998947e-03
5.870172555464256980e-01 4.070137715896149366e-03
5.890714872637633492e-01 4.496273160941190346e-03
5.911257189811011115e-01 4.966801650056982924e-03
5.931799506984388737e-01 5.486298899450443509e-03
5.952341824157765249e-01 6.059801491584132851e-03
5.972884141331142871e-01 6.692850924284891000e-03
5.993426458504520493e-01 7.391541344282027970e-03
6.013968775677897005e-01 8.162571153159933063e-03
6.034511092851273517e-01 9.013298652847837739e-03
6.055053410024651139e-01 9.951801866904360500e-03
6.075595727198028762e-01 1.098694263059324730e-02
6.096138044371405273e-01 1.212843498427427884e-02
6.116680361544782896e-01 1.338691782766484976e-02
6.137222678718159408e-01 1.477403169327309515e-02
6.157764995891537030e-01 1.630249937144101838e-02
6.178307313064914652e-01 1.798620996209167669e-02
6.198849630238291164e-01 1.984030573407757556e-02
6.219391947411668786e-01 2.188127093613060140e-02
6.239934264585045298e-01 2.412702141766925878e-02
6.260476581758422920e-01 2.659699357686598140e-02
6.281018898931800543e-01 2.931223075135652376e-02
6.301561216105177055e-01 3.229546469845064049e-02
6.322103533278554677e-01 3.557118927263639568e-02
6.342645850451931189e-01 3.916572279676448082e-02
6.363188167625308811e-01 4.310725494108635231e-02
6.383730484798686433e-01 4.742587317756712106e-02
6.404272801972062945e-01 5.215356307841795963e-02
6.424815119145440567e-01 5.732417589886911607e-02
6.445357436318817079e-01 6.297335605699672101e-02
6.465899753492194701e-01 6.913842034334721776e-02
6.486442070665572324e-01 7.585818002124414261e-02
6.506984387838948836e-01 8.317269649392275421e-02
6.527526705012326458e-01 9.112296101485672928e-02
6.548069022185702970e-01 9.975048911968552312e-02
6.568611339359080592e-01 1.090968211956135775e-01
6.589153656532458214e-01 1.192029220221184627e-01
6.609695973705834726e-01 1.301084743629984941e-01
6.630238290879212348e-01 1.418510649004887658e-01
6.650780608052588860e-01 1.544652650835353080e-01
6.671322925225966483e-01 1.679816148660764896e-01
6.691865242399344105e-01 1.824255238063577367e-01
6.712407559572720617e-01 1.978161114414192234e-01
6.732949876746098239e-01 2.141650169574428053e-01
6.753492193919474751e-01 2.314752165009832663e-01
6.774034511092852373e-01 2.497398944048837832e-01
6.794576828266229995e-01 2.689414213699970468e-01
6.815119145439606507e-01 2.890504973749973838e-01
6.835661462612984129e-01 3.100255188723894384e-01
6.856203779786360641e-01 3.318122278318352270e-01
6.876746096959738264e-01 3.543436937742063808e-01
6.897288414133115886e-01 3.775406687981478493e-01
6.917830731306492398e-01 4.013123398875497183e-01
6.938373048479870020e-01 4.255574831883433551e-01
6.958915365653246532e-01 4.501660026875236587e-01
6.979457682826624154e-01 4.750208125210622079e-01
7.000000000000001776e-01 5.000000000000026645e-01
7.020542317173378288e-01 5.249791874789418999e-01
7.041084634346755911e-01 5.498339973124803937e-01
7.061626951520132423e-01 5.744425168116605862e-01
7.082169268693510045e-01 5.986876601124541120e-01
7.102711585866887667e-01 6.224593312018572577e-01
7.123253903040264179e-01 6.456563062257972829e-01
7.143796220213641801e-01 6.681877721681683813e-01
7.164338537387018313e-01 6.899744811276139478e-01
7.184880854560395935e-01 7.109495026250058913e-01
7.205423171733773557e-01 7.310585786300072275e-01
7.225965488907150069e-01 7.502601055951192421e-01
7.246507806080527692e-01 7.685247834990196480e-01
7.267050123253904204e-01 7.858349830425599425e-01
7.287592440427281826e-01 8.021838885585833578e-01
7.308134757600659448e-01 8.175744761936455385e-01
7.328677074774035960e-01 8.320183851339257863e-01
7.349219391947413582e-01 8.455347349164668014e-01
7.369761709120790094e-01 8.581489350995132881e-01
7.390304026294167716e-01 8.698915256370033378e-01
7.410846343467545339e-01 8.807970779778837578e-01
7.431388660640921850e-01 8.909031788043879629e-01
7.451930977814299473e-01 9.002495108803159063e-01
7.472473294987675985e-01 9.088770389851444920e-01
7.493015612161053607e-01 9.168273035060784393e-01
7.513557929334431229e-01 9.241418199787574395e-01
7.534100246507807741e-01 9.308615796566538370e-01
7.554642563681185363e-01 9.370266439430042782e-01
7.575184880854561875e-01 9.426758241011317097e-01
7.595727198027939497e-01 9.478464369215827690e-01
7.616269515201317120e-01 9.525741268224339198e-01
7.636811832374693632e-01 9.568927450589143069e-01
7.657354149548071254e-01 9.608342772032361090e-01
7.677896466721447766e-01 9.644288107273643051e-01
7.698438783894825388e-01 9.677045353015497620e-01
7.718981101068203010e-01 9.706877692486439724e-01
7.739523418241579522e-01 9.734030064231344870e-01
7.760065735414957144e-01 9.758729785823310188e-01
7.780608052588333656e-01 9.781187290638696519e-01
7.801150369761711278e-01 9.801596942659227540e-01
7.821692686935088901e-01 9.820137900379085627e-01
7.842235004108465413e-01 9.836975006285593182e-01
7.862777321281843035e-01 9.852259683067271512e-01
7.883319638455219547e-01 9.866130821723353428e-01
7.903861955628597169e-01 9.878715650157259276e-01
7.924404272801974791e-01 9.890130573694070337e-01
7.944946589975351303e-01 9.900481981330957471e-01
7.965488907148728925e-01 9.909867013471522768e-01
7.986031224322105437e-01 9.918374288468401190e-01
8.006573541495483060e-01 9.926084586557181177e-01
8.027115858668860682e-01 9.933071490757152677e-01
8.047658175842237194e-01 9.939401985084159730e-01
8.068200493015614816e-01 9.945137011005497074e-01
8.088742810188991328e-01 9.950331983499431932e-01
8.109285127362368950e-01 9.955037268390588556e-01
8.129827444535746572e-01 9.959298622841039617e-01
8.150369761709123084e-01 9.963157601005641073e-01
8.170912078882500706e-01 9.966651926925866878e-01
8.191454396055877218e-01 9.969815836752916605e-01
8.211996713229254841e-01 9.972680392369890345e-01
8.232539030402632463e-01 9.975273768433653432e-01
8.253081347576008975e-01 9.977621514787238244e-01
8.273623664749386597e-01 9.979746796109500995e-01
8.294165981922763109e-01 9.981670610575071878e-01
8.314708299096140731e-01 9.983411989198255343e-01
8.335250616269518353e-01 9.984988177432629897e-01
8.355792933442894865e-01 9.986414800495710953e-01
8.376335250616272488e-01 9.987706013787226444e-01
8.396877567789649000e-01 9.988874639671397881e-01
8.417419884963026622e-01 9.989932291799143993e-01
8.437962202136404244e-01 9.990889488055993972e-01
8.458504519309780756e-01 9.991755753136016827e-01
8.479046836483158378e-01 9.992539711661633239e-01
8.499589153656534890e-01 9.993249172693672300e-01
8.520131470829912512e-01 9.993891206405656202e-01
8.540673788003290134e-01 9.994472213630763990e-01
8.561216105176666646e-01 9.994997988929205102e-01
8.581758422350043158e-01 9.995473777767595047e-01
8.602300739523420781e-01 9.995904328350139201e-01
8.622843056696798403e-01 9.996293938593735495e-01
8.643385373870176025e-01 9.996646498695336280e-01
8.663927691043552537e-01 9.996965529699711750e-01
8.684470008216930159e-01 9.997254218438987872e-01
8.705012325390306671e-01 9.997515449181605396e-01
8.725554642563684293e-01 9.997751832297666619e-01
8.746096959737060805e-01 9.997965730219448011e-01
8.766639276910438427e-01 9.998159280950366101e-01
8.787181594083816050e-01 9.998334419352227220e-01
8.807723911257192562e-01 9.998492896419403086e-01
8.828266228430570184e-01 9.998636296729204176e-01
8.848808545603947806e-01 9.998766054240136869e-01
8.869350862777324318e-01 9.998883466593704306e-01
8.889893179950700830e-01 9.998989708060922466e-01
8.910435497124078452e-01 9.999085841261478036e-01
8.930977814297456074e-01 9.999172827771484195e-01
8.951520131470833697e-01 9.999251537724894723e-01
8.972062448644210209e-01 9.999322758503803588e-01
8.992604765817586721e-01 9.999387202603833291e-01
9.013147082990964343e-01 9.999445514752771658e-01
9.033689400164341965e-01 9.999498278353161629e-01
9.054231717337719587e-01 9.999546021312976096e-01
